SAY@de:auf in den nächsten abschnitt!,0,0,,BG
587.33+704.8+881,1500,0,,BG
587.33+704.8+881,639.91,0.89,DOWNx:1.08
440.00,212.71,0.89
587.33,639.91,0.89
440.00,212.71,0.89
587.33,212.71,0.89
440.00,212.71,0.89,UPx:1.10
587.33,212.71,0.89
739.99,212.71,0.89
880,800,0,BINAURAL:7,BG
880.00,853.51,0.89
783.99,639.91,0.89
659.26,212.71,0.89
783.99,639.91,0.89
659.26,212.71,0.89
783.99,212.71,0.89
659.26,212.71,0.89
554.37,212.71,0.89,UPx:1.10
659.26,212.71,0.89
440.00,853.51,0.89
587.33+881,426.31,0.89
587.33,639.91,0.89
739.99,212.71,0.89
659.26,212.71,0.89
587.33,212.71,0.89
587.33,212.71,0.89
554.37+831.56,1500,0,,BG
554.37,212.71,0.89
554.37,639.91,0.89,UPx:1.10
659.26,212.71,0.89
783.99,212.71,0.89
659.26,212.71,0.89
659.26,212.71,0.89
587.33,212.71,0.89
587.33,639.91,0.89
739.99,212.71,0.89
659.26,212.71,0.89
587.33,212.71,0.89
587.33,212.71,0.89,DOWNx:1.10
554.37+831.56,212.71,0.89
554.37,639.91,0.89
659.26,212.71,0.89
783.99,212.71,0.89
554.37,212.71,0.89
587.33,212.71,0.89
587.33,212.71,0.89
587.33,105.91,0.89
554.37,105.91,0.89
493.88,105.91,0.89,UPx:1.10
554.37,105.91,0.89
587.33,212.71,0.89
587.33+734.16+881,1500,0,,BG
587.33,212.71,0.89
739.99,105.91,0.89
659.26,105.91,0.89
587.33,105.91,0.89
659.26,105.91,0.89
739.99,212.71,0.89
739.99+924.99+1109.99,212.71,0.89
880.00,105.91,0.89,DOWNx:1.10
783.99,105.91,0.89
739.99,105.91,0.89
783.99,105.91,0.89
880.00,853.51,0.89
440.00,853.51,0.89
493.88,853.51,0.89
440.00,212.71,0.89
392.00,212.71,0.89
SAY@de:alles klar weiter!?,0,0,,BG
392.00,212.71,0.89
392.00,212.71,0.89,UPx:1.10
392.00,212.71,0.89
369.99,212.71,0.89
369.99,212.71,0.89
369.99,212.71,0.89
369.99,212.71,0.89
329.63,212.71,0.89
329.63+494.44,1500,0,,BG
329.63+494.44,212.71,0.89
329.63,212.71,0.89
293.66,212.71,0.89
277.18,212.71,0.89,DOWNx:1.10
246.94,212.71,0.89
277.18,212.71,0.89
293.66,426.31,0.89
329.63,426.31,0.89
369.99,853.51,0.89
440.00,853.51,0.89
493.88,853.51,0.89
440.00,212.71,0.89
392.00,212.71,0.89
392.00,212.71,0.89,UPx:1.10
392.00,212.71,0.89
392.00,212.71,0.89
369.99,212.71,0.89
369.99,212.71,0.89
369.99+554.99,212.71,0.89
369.99,212.71,0.89
329.63,212.71,0.89
329.63,212.71,0.89
329.63,212.71,0.89
293.66,212.71,0.89,DOWNx:1.10
277.18+332.62+415.77,1500,0,,BG
277.18,212.71,0.89
246.94,212.71,0.89
277.18,212.71,0.89
293.66,426.31,0.89
329.63,426.31,0.89
369.99,853.51,0.89
293.66,1067.11,0.89
293.66,212.71,0.89
329.63,212.71,0.89
277.18,212.71,0.89,UPx:1.10
369.99,1067.11,0.89
369.99,212.71,0.89
392+470.4+588,212.71,0.89,DOWNx:1.08
329.63,212.71,0.89
440.00,105.91,0.89
440.00,105.91,0.89
440.00,105.91,0.89
440.00,105.91,0.89
440.00,105.91,0.89
440.00,105.91,0.89,UPx:1.10
440.00,105.91,0.89
440.00,105.91,0.89
493.88,105.91,0.89
493.88,105.91,0.89
493.88+740.82,1500,0,,BG
493.88,105.91,0.89
493.88,105.91,0.89
554.37,105.91,0.89
554.37,105.91,0.89
554.37,105.91,0.89
554.37,105.91,0.89,UPx:1.10
587.33+704.8+881,639.91,0.89
440.00,212.71,0.89
SAY@de:auf in den nächsten abschnitt!,0,0,,BG
554.37,319.51,0.89
440.00,105.91,0.89
554.37,319.51,0.89
440.00,105.91,0.89
587.33,639.91,0.89
440.00,212.71,0.89
554.37,319.51,0.89
440.00,105.91,0.89,UPx:1.10
554.37,319.51,0.89
440.00,105.91,0.89
587.33,212.71,0.89
440.00,212.71,0.89
554.37,212.71,0.89
440.00,212.71,0.89
587.33,212.71,0.89
440.00,212.71,0.89
554.37+665.24+831.56,1500,0,,BG
554.37+665.24+831.56,212.71,0.89,DOWNx:1.08
440.00,212.71,0.89,UPx:1.10
587.33,212.71,0.89
293.66,212.71,0.89
293.66,212.71,0.89
293.66,212.71,0.89
293.66,853.51,0.89
440.00,639.91,0.89
369.99,105.91,0.89
329.63,105.91,0.89
293.66,426.31,0.89
493.88,426.31,0.89,DOWNx:1.10
392.00,426.31,0.89
329.63,426.31,0.89
440.00,853.51,0.89
739.99,639.91,0.89
587.33,105.91,0.89
554.37,105.91,0.89
493.88+617.35+740.82,426.31,0.89
783.99,426.31,0.89
739.99,853.51,0.89
659.26,853.51,0.89,DOWNx:1.10
587.33,426.31,0.89
440.00,426.31,0.89
587.33+704.8+881,1500,0,,BG
587.33,212.71,0.89
554.37,212.71,0.89
493.88,212.71,0.89
440.00,212.71,0.89
493.88,212.71,0.89
440.00,212.71,0.49
440.00,212.71,0.89
440.00,212.71,0.89,UPx:1.10
440.00,212.71,0.89
440.00,212.71,0.89
440.00,212.71,0.89
493.88,212.71,0.89
440+660,212.71,0.49
440.00,212.71,0.89
587.33,212.71,0.89
554.37,212.71,0.89
493.88,212.71,0.89
440.00,212.71,0.89,UPx:1.10
493.88,212.71,0.89
440.00,212.71,0.49
440.00,212.71,0.89
440.00,212.71,0.89
440.00,212.71,0.89
440.00,212.71,0.89
SAY@de:alles klar weiter!?,0,0,,BG
440+550+660,1500,0,,BG
440.00,212.71,0.89
493.88,212.71,0.89
440.00,212.71,0.09
493.88,639.91,0.89,DOWNx:1.10
392.00,105.91,0.89
369.99,105.91,0.89
392+490+588,426.31,0.09
440.00,639.91,0.89
369.99,105.91,0.89
329.63,105.91,0.89
369.99,212.71,0.89
369.99,212.71,0.89
392.00,212.71,0.89
440.00,212.71,0.89,UPx:1.10
493.88,212.71,0.89
587.33,212.71,0.89
554.37,212.71,0.89
493.88,212.71,0.89
493.88,212.71,0.89
440.00,212.71,0.89
369.99,212.71,0.89
440.00,212.71,0.89
440.00,212.71,0.89
392.00,212.71,0.89,DOWNx:1.10
369.99+443.99+554.99,1500,0,,BG
369.99+443.99+554.99,212.71,0.89,DOWNx:1.08
329.63,212.71,0.89
293.66,426.31,0.89
440.00,426.31,0.89
587.33,212.71,0.89
554.37,212.71,0.89
493.88,212.71,0.89
440.00,212.71,0.89
493.88,212.71,0.89
440.00,212.71,0.49,UPx:1.10
440.00,212.71,0.89
440.00,212.71,0.89
440.00,212.71,0.89
440.00,212.71,0.89
440.00,212.71,0.89
493.88,212.71,0.89
440.00,212.71,0.49
440.00,212.71,0.89
587.33+704.8+881,212.71,0.89
554.37,212.71,0.89,DOWNx:1.10
493.88,212.71,0.89
440.00,212.71,0.89
493.88,212.71,0.89
440.00,212.71,0.49
440+660,1500,0,,BG
440.00,212.71,0.89
440.00,212.71,0.89
440.00,212.71,0.89
440.00,212.71,0.89
440.00,212.71,0.89
493.88,212.71,0.89,DOWNx:1.10
440.00,212.71,0.09
987.77,639.91,0.89
783.99,105.91,0.89
739.99,105.91,0.89
783.99,426.31,0.09
880.00,639.91,0.89
739.99+887.99+1109.99,105.91,0.89,DOWNx:1.08
659.26,105.91,0.89
739.99,426.31,0.09
493.88,212.71,0.89,UPx:1.10
SAY@de:auf in den nächsten abschnitt!,0,0,,BG
587.33,212.71,0.89
554.37,212.71,0.89
493.88,212.71,0.89
440.00,212.71,0.89
587.33,212.71,0.89
739.99,212.71,0.89
880.00,212.71,0.89
880.00,212.71,0.89
783.99+940.79+1175.99,1500,0,,BG
783.99,212.71,0.89
739.99,212.71,0.89,DOWNx:1.10
659.26,212.71,0.89
587.33,212.71,0.89
440.00,212.71,0.89
493.88,212.71,0.89
554.37+692.96+831.56,212.71,0.89
587.33,212.71,0.89
587.33,212.71,0.89
659.26,212.71,0.89
659.26,212.71,0.89
739.99,212.71,0.89,DOWNx:1.10
554.37,212.71,0.89
587.33,212.71,0.89
659.26,212.71,0.89
739.99,212.71,0.89
739.99,212.71,0.89
783.99,212.71,0.89
783.99,212.71,0.89
880.00,212.71,0.89
880.00,212.71,0.89
932.33,212.71,0.89,UPx:1.10
932.33,212.71,0.89
987.77,853.51,0.89
493.88+617.35+740.82,1500,0,,BG
493.88+617.35+740.82,639.91,0.89,UPx:1.08
659.26,212.71,0.89
587.33,212.71,0.89
554.37,212.71,0.89
493.88,212.71,0.89
440.00,212.71,0.89
880.00,212.71,0.89
783.99,212.71,0.89,DOWNx:1.10
739.99,212.71,0.89
659.26,212.71,0.89
880.00,212.71,0.89
783.99,212.71,0.89
739.99,212.71,0.89
659.26,212.71,0.89
493.88,639.91,0.89
659.26,212.71,0.89
587.33,212.71,0.89
554.37,212.71,0.89,DOWNx:1.10
493.88+592.66+740.82,212.71,0.89
440.00,212.71,0.89
440.00,212.71,0.89
493.88,212.71,0.89
554.37,212.71,0.89
587.33,212.71,0.89
440+550+660,1500,0,,BG
440.00,212.71,0.89
493.88,212.71,0.89
554.37,212.71,0.89
587.33,212.71,0.89,UPx:1.10
659.26,426.31,0.09
880.00,426.31,0.09
587.33,639.91,0.89
440.00,212.71,0.89
SAY@de:alles klar weiter!?,0,0,,BG
369.99,212.71,0.89
293.66,212.71,0.89
369.99,212.71,0.89
440.00,212.71,0.89
587.33+704.8+881,212.71,0.89,DOWNx:1.08
440.00,212.71,0.89,UPx:1.10
587.33,212.71,0.89
739.99,212.71,0.89
880,426.31,0,BINAURAL:7,BG
880.00,426.31,0.89
554.37,426.31,0.89
587.33,639.91,0.89
440.00,212.71,0.89
369.99,212.71,0.89
293.66,212.71,0.89
369.99,212.71,0.89
440.00,212.71,0.89,UPx:1.10
587.33+704.8+881,1500,0,,BG
587.33,212.71,0.89
440.00,212.71,0.89
587.33,212.71,0.89
739.99,212.71,0.89
880.00,426.31,0.89
554.37,426.31,0.89
587.33+704.8+881,426.31,0.49
440.00,212.71,0.89
587.33,426.31,0,BINAURAL:7,BG
587.33,426.31,0.49
440.00,212.71,0.89,UPx:1.10
587.33,426.31,0.89
293.66,319.51,0.89
293.66,105.91,0.89
293.66,853.51,0.89
SAY@de:finale geschafft!,0,0,,BG
