"SAY@de:thunder neu‑mode, los gehts!",0,0,,BG
493+739.5+986,1200,0,,BG
493+739.5+986,1000,0,,BG
"493,496",100,0,
622,100,0
493,100,0
739,100,0
493,100,0
622,100,0,DOWNx:1.10
493,100,0
739,100,0
493,100,0,BINAURAL:7,BG
493,100,0
622,100,0
493,100,0
739,100,0
493,100,0
622,100,0
493,100,0
739,100,0
"493,496",100,0,
622,100,0,DOWNx:1.10
493,100,0
739,100,0
493,100,0
622,100,0
493,100,0
739,100,0
493,100,0
622,100,0
493,100,0
739,100,0
493,100,0
622,100,0,DOWNx:1.10
493,100,0
739,100,0
493,100,0,BINAURAL:7,BG
493+739.5+986,1000,0,,BG
"493,496",100,0,
659,100,0
493,100,0
783,100,0
493,100,0
659,100,0
493,100,0
783,100,0
493,100,0
659,100,0,DOWNx:1.10
493,100,0
783,100,0
493,100,0
659,100,0
493,100,0
783,100,0
"493,496",100,0,
659,100,0
493,100,0
783,100,0
493,100,0
659,100,0,DOWNx:1.10
493,100,0
783,100,0
493,100,0,BINAURAL:7,BG
493,100,0
659,100,0
493,100,0
783,100,0
493,100,0
622,100,0
493,100,0
739,100,0
493+739.5+986,1000,0,,BG
"493,496",100,0,
622,100,0,DOWNx:1.10
493,100,0
739,100,0
493,100,0
622,100,0
493,100,0
739,100,0
493,100,0
622,100,0
493,100,0
739,100,0
493,100,0
622,100,0,DOWNx:1.10
493,100,0
739,100,0
493,100,0,BINAURAL:7,BG
"493,496",100,0,
622,100,0
493,100,0
739,100,0
493,100,0
622,100,0
493,100,0
739,100,0
493,100,0
622,100,0,DOWNx:1.10
493,100,0
739,100,0
493,100,0
659,100,0
493,100,0
783,100,0
493+739.5+986,1000,0,,BG
"493,496",100,0,
659,100,0
493,100,0
783,100,0
493,100,0
659,100,0,DOWNx:1.10
493,100,0
783,100,0
493,100,0,BINAURAL:7,BG
493,100,0
659,100,0
493,100,0
783,100,0
493,100,0
659,100,0
493,100,0
783,100,0
"493,496",100,0,
659,100,0,DOWNx:1.10
493,100,0
783,100,0
493,100,0
659,100,0
493,100,0
783,100,0
493,100,0
659,100,0
493,100,0
783,100,0
-32,4
493,100,0,UPx:1.10
987,100,0
493,100,0
880,100,0,BINAURAL:7,BG
880+1320+1760,1000,0,,BG
"880,883",100,0,
493,100,0
830,100,0
493,100,0
880,100,0
493,100,0
830,100,0
493,100,0
739,100,0
493,100,0,UPx:1.10
830,100,0
493,100,0
659,100,0
493,100,0
739,100,0
492,100,0
"622,625",100,0,
493,100,0
659,100,0
493,100,0
622,100,0
493,100,0,UPx:1.10
659,100,0
493,100,0
622,100,0,BINAURAL:7,BG
622,100,0
493,100,0
659,100,0
493,100,0
622,100,0
"SAY@de:ende, ihr blitze!",0,0,,BG
